A = [
    11 2  -3 0; 
    2  1  8  7; 
    0  22 21 -9; 
    4  -3 2  0;
    5  1  10 -8;
];

B = [
    1 2 0 4;
    2 9 2 3;
    3 0 1 2;
    4 3 2 8;
];

C = [
    A           zeros(5,4);
    zeros(4,4)  B         ;
]

D = C;
D(9,5) = D(9,5) + 5;
D(6:end,1:4) = diag(1:4);
D(1:5,5:end) = randi(10,5,4);
D

E = D(1:2:end,1:end-3)